   7.3716004898283561e+05
   7.3716006634394673e+05
   7.3716008717728010e+05
   7.3716010696894675e+05
   7.3716017050878459e+05
   7.3716018786989572e+05
   7.3716020870322909e+05
   7.3716022849489574e+05
   7.3716029182924761e+05
   7.3716030919035873e+05
   7.3716033002369211e+05
   7.3716034981535876e+05
   7.3716041335512721e+05
   7.3716043071623833e+05
   7.3716045154957171e+05
   7.3716047134123836e+05
   7.3716053488097212e+05
   7.3716055224208324e+05
   7.3716057307541661e+05
   7.3716059286708327e+05
   7.3716065654850681e+05
   7.3716067390961794e+05
   7.3716069474295131e+05
   7.3716071453461796e+05
   7.3716077807428234e+05
   7.3716079543539346e+05
   7.3716081626872683e+05
   7.3716083606039349e+05
   7.3716089939491893e+05
   7.3716091675603006e+05
   7.3716093758936343e+05
   7.3716095738103008e+05
   7.3716102092064801e+05
   7.3716103828175913e+05
   7.3716105911509250e+05
   7.3716107890675915e+05
   7.3716114258804393e+05
   7.3716115994915506e+05
   7.3716118078248843e+05
   7.3716120057415508e+05
   7.3716126411377301e+05
   7.3716128147488413e+05
   7.3716130230821751e+05
   7.3716132209988416e+05
   7.3716138563951384e+05
   7.3716140300062497e+05
   7.3716142383395834e+05
   7.3716144362562499e+05
   7.3716150730699068e+05
   7.3716152466810180e+05
   7.3716154550143518e+05
   7.3716156529310183e+05
   7.3716162883274292e+05
   7.3716164619385405e+05
   7.3716166702718742e+05
   7.3716168681885407e+05
   7.3716175015293970e+05
   7.3716176751405082e+05
   7.3716178834738419e+05
   7.3716180813905085e+05
   7.3716187167865736e+05
   7.3716188903976849e+05
   7.3716190987310186e+05
   7.3716192966476851e+05
   7.3716199334649299e+05
   7.3716201070760412e+05
   7.3716203154093749e+05
   7.3716205133260414e+05
   7.3716211487218738e+05
   7.3716213223329850e+05
   7.3716215306663187e+05
   7.3716217285829852e+05
   7.3716223639791657e+05
   7.3716225375902769e+05
   7.3716227459236106e+05
   7.3716229438402771e+05
   7.3716235771819437e+05
   7.3716237507930549e+05
   7.3716239591263887e+05
   7.3716241570430552e+05
   7.3716247924388875e+05
   7.3716249660499988e+05
   7.3716251743833325e+05
   7.3716253722999990e+05
   7.3716262693577539e+05
   7.3716264429688652e+05
   7.3716266513021989e+05
   7.3716268492188654e+05
   7.3716274846148142e+05
   7.3716276582259254e+05
   7.3716278665592591e+05
   7.3716280644759256e+05
   7.3716287012989575e+05
   7.3716288749100687e+05
   7.3716290832434024e+05
   7.3716292811600689e+05
   7.3716299165560177e+05
   7.3716300901671289e+05
   7.3716302985004627e+05
   7.3716304964171292e+05
   7.3716311317687493e+05
   7.3716313053798606e+05
   7.3716315137131943e+05
   7.3716317116298608e+05
   7.3716323450256931e+05
   7.3716325186368043e+05
   7.3716327269701380e+05
   7.3716329248868045e+05
   7.3716335602833319e+05
   7.3716337338944431e+05
   7.3716339422277769e+05
   7.3716341401444434e+05
   7.3716347770157398e+05
   7.3716349506268511e+05
   7.3716351589601848e+05
   7.3716353568768513e+05
   7.3716359922736103e+05
   7.3716361658847216e+05
   7.3716363742180553e+05
   7.3716365721347218e+05
   7.3716372054782393e+05
   7.3716373790893506e+05
   7.3716375874226843e+05
   7.3716377853393508e+05
   7.3716384207357629e+05
   7.3716385943468742e+05
   7.3716388026802079e+05
   7.3716390005968744e+05
   7.3716396359930548e+05
   7.3716398096041661e+05
   7.3716400179374998e+05
   7.3716402158541663e+05
   7.3716408526700223e+05
   7.3716410262811335e+05
   7.3716412346144672e+05
   7.3716414325311338e+05
   7.3716420679281245e+05
   7.3716422415392357e+05
   7.3716424498725694e+05
   7.3716426477892359e+05
   7.3716432846969902e+05
   7.3716434583081014e+05
   7.3716436666414351e+05
   7.3716438645581016e+05
   7.3716444999545126e+05
   7.3716446735656238e+05
   7.3716448818989575e+05
   7.3716450798156240e+05
   7.3716469285554392e+05
   7.3716471021665505e+05
   7.3716473104998842e+05
   7.3716475084165507e+05
   7.3716481452302076e+05
   7.3716483188413188e+05
   7.3716485271746526e+05
   7.3716487250913191e+05
   7.3716493604870362e+05
   7.3716495340981474e+05
   7.3716497424314811e+05
   7.3716499403481476e+05
   7.3716505757439800e+05
   7.3716507493550912e+05
   7.3716509576884250e+05
   7.3716511556050915e+05
   7.3716517889857630e+05
   7.3716519625968742e+05
   7.3716521709302079e+05
   7.3716523688468745e+05
   7.3716530042431701e+05
   7.3716531778542814e+05
   7.3716533861876151e+05
   7.3716535841042816e+05
   7.3716542209180549e+05
   7.3716543945291662e+05
   7.3716546028624999e+05
   7.3716548007791664e+05
   7.3716554361754621e+05
   7.3716556097865733e+05
   7.3716558181199071e+05
   7.3716560160365736e+05
   7.3716566514326376e+05
   7.3716568250437488e+05
   7.3716570333770826e+05
   7.3716572312937491e+05
   7.3716578646379616e+05
   7.3716580382490729e+05
   7.3716582465824066e+05
   7.3716584444990731e+05
   7.3716590798949066e+05
   7.3716592535060178e+05
   7.3716594618393516e+05
   7.3716596597560181e+05
   7.3716602965703700e+05
   7.3716604701814812e+05
   7.3716606785148149e+05
   7.3716608764314814e+05
   7.3716615118273138e+05
   7.3716616854384250e+05
   7.3716618937717588e+05
   7.3716620916884253e+05
   7.3716627285050915e+05
   7.3716629021162027e+05
   7.3716631104495365e+05
   7.3716633083662030e+05
   7.3716639437624987e+05
   7.3716641173736099e+05
   7.3716643257069436e+05
   7.3716645236236101e+05
   7.3716651590196753e+05
   7.3716653326307866e+05
   7.3716655409641203e+05
   7.3716657388807868e+05
   7.3716663722258096e+05
   7.3716665458369208e+05
   7.3716667541702546e+05
   7.3716669520869211e+05
   7.3716675874827534e+05
   7.3716677610938647e+05
   7.3716679694271984e+05
   7.3716681673438649e+05
   7.3716688041591423e+05
   7.3716689777702536e+05
   7.3716691861035873e+05
   7.3716693840202538e+05
   7.3716700194160873e+05
   7.3716701930271985e+05
   7.3716704013605323e+05
   7.3716705992771988e+05
   7.3716712332929391e+05
   7.3716714069040504e+05
   7.3716716152373841e+05
   7.3716718131540506e+05
   7.3716736666714109e+05
   7.3716738402825221e+05
   7.3716740486158559e+05
   7.3716742465325224e+05
   7.3716748799396981e+05
   7.3716750535508094e+05
   7.3716752618841431e+05
   7.3716754598008096e+05
   7.3716760447091423e+05
   7.3716762183202535e+05
   7.3716764266535873e+05
   7.3716766245702538e+05
   7.3716776421249995e+05
   7.3716778157361108e+05
   7.3716780240694445e+05
   7.3716782219861110e+05
   7.3716788573818281e+05
   7.3716790309929394e+05
   7.3716792393262731e+05
   7.3716794372429396e+05
   7.3716800740599527e+05
   7.3716802476710640e+05
   7.3716804560043977e+05
   7.3716806539210642e+05
   7.3716812893171282e+05
   7.3716814629282395e+05
   7.3716816712615732e+05
   7.3716818691782397e+05
   7.3716825036395818e+05
   7.3716826772506931e+05
   7.3716828855840268e+05
   7.3716830835006933e+05
   7.3716837212505774e+05
   7.3716838948616886e+05
   7.3716841031950223e+05
   7.3716843011116888e+05
   7.3716861497218744e+05
   7.3716863233329856e+05
   7.3716865316663194e+05
   7.3716867295829859e+05
   7.3716873649787030e+05
   7.3716875385898142e+05
   7.3716877469231479e+05
   7.3716879448398144e+05
   7.3716885816646984e+05
   7.3716887552758097e+05
   7.3716889636091434e+05
   7.3716891615258099e+05
   7.3716897969215270e+05
   7.3716899705326383e+05
   7.3716901788659720e+05
   7.3716903767826385e+05
   7.3716910121783556e+05
   7.3716911857894668e+05
   7.3716913941228006e+05
   7.3716915920394671e+05
   7.3716922253920126e+05
   7.3716923990031239e+05
   7.3716926073364576e+05
   7.3716928052531241e+05
   7.3716934406487260e+05
   7.3716936142598372e+05
   7.3716938225931709e+05
   7.3716940205098374e+05
   7.3716946573350683e+05
   7.3716948309461796e+05
   7.3716950392795133e+05
   7.3716952371961798e+05
   7.3716963606222218e+05
   7.3716965342333331e+05
   7.3716967425666668e+05
   7.3716969404833333e+05
   7.3716975758792809e+05
   7.3716977494903922e+05
   7.3716979578237259e+05
   7.3716981557403924e+05
   7.3716987890908553e+05
   7.3716989627019665e+05
   7.3716991710353002e+05
   7.3716993689519668e+05
   7.3717049024846056e+05
   7.3717050760957168e+05
   7.3717052844290505e+05
   7.3717054823457170e+05
   7.3717061177420127e+05
   7.3717062913531240e+05
   7.3717064996864577e+05
   7.3717066976031242e+05
   7.3717073309464112e+05
   7.3717075045575225e+05
   7.3717077128908562e+05
   7.3717079108075227e+05
   7.3717085462038184e+05
   7.3717087198149296e+05
   7.3717089281482634e+05
   7.3717091260649299e+05
   7.3717097613273142e+05
   7.3717099349384254e+05
   7.3717101432717592e+05
   7.3717103411884257e+05
   7.3717109781401616e+05
   7.3717111517512728e+05
   7.3717113600846066e+05
   7.3717115580012731e+05
   7.3717121933978004e+05
   7.3717123670089117e+05
   7.3717125753422454e+05
   7.3717127732589119e+05
   7.3717134066333319e+05
   7.3717135802444431e+05
   7.3717137885777769e+05
   7.3717139864944434e+05
   7.3717146253633092e+05
   7.3717147989744204e+05
   7.3717150073077541e+05
   7.3717152052244206e+05
   7.3717158385687496e+05
   7.3717160121798608e+05
   7.3717162205131946e+05
   7.3717164184298611e+05
   7.3717170538262720e+05
   7.3717172274373833e+05
   7.3717174357707170e+05
   7.3717176336873835e+05
   7.3717182690836792e+05
   7.3717184426947904e+05
   7.3717186510281241e+05
   7.3717188489447907e+05
   7.3717194857620366e+05
   7.3717196593731479e+05
   7.3717198677064816e+05
   7.3717200656231481e+05
   7.3717207010197907e+05
   7.3717208746309020e+05
   7.3717210829642357e+05
   7.3717212808809022e+05
   7.3717219142218737e+05
   7.3717220878329850e+05
   7.3717222961663187e+05
   7.3717224940829852e+05
   7.3717231329524296e+05
   7.3717233065635408e+05
   7.3717235148968745e+05
   7.3717237128135411e+05
   7.3717243461533554e+05
   7.3717245197644667e+05
   7.3717247280978004e+05
   7.3717249260144669e+05
   7.3717255964959483e+05
   7.3717257701070595e+05
   7.3717259784403932e+05
   7.3717261763570597e+05
   7.3717268117527768e+05
   7.3717269853638881e+05
   7.3717271936972218e+05
   7.3717273916138883e+05
   7.3717280284329853e+05
   7.3717282020440965e+05
   7.3717284103774303e+05
   7.3717286082940968e+05
   7.3717292436898139e+05
   7.3717294173009251e+05
   7.3717296256342588e+05
   7.3717298235509254e+05
   7.3717304574777768e+05
   7.3717306310888880e+05
   7.3717308394222218e+05
   7.3717310373388883e+05
   7.3717316721847211e+05
   7.3717318457958323e+05
   7.3717320541291661e+05
   7.3717322520458326e+05
   7.3717328874417813e+05
   7.3717330610528926e+05
   7.3717332693862263e+05
   7.3717334673028928e+05
   7.3717341041233786e+05
   7.3717342777344899e+05
   7.3717344860678236e+05
   7.3717346839844901e+05
   7.3717375780876144e+05
   7.3717377516987256e+05
   7.3717379600320593e+05
   7.3717381579487259e+05
   7.3717387933445594e+05
   7.3717389669556706e+05
   7.3717391752890043e+05
   7.3717393732056709e+05
   7.3717400100251148e+05
   7.3717401836362260e+05
   7.3717403919695597e+05
   7.3717405898862262e+05
   7.3717412252822903e+05
   7.3717413988934015e+05
   7.3717416072267352e+05
   7.3717418051434017e+05
   7.3717424404057860e+05
   7.3717426140168973e+05
   7.3717428223502310e+05
   7.3717430202668975e+05
   7.3717436572428234e+05
   7.3717438308539346e+05
   7.3717440391872684e+05
   7.3717442371039349e+05
   7.3717448725001153e+05
   7.3717450461112265e+05
   7.3717452544445603e+05
   7.3717454523612268e+05
   7.3717461656657397e+05
   7.3717463392768509e+05
   7.3717465476101846e+05
   7.3717467455268512e+05
   7.3717474218568276e+05
   7.3717475954679388e+05
   7.3717478038012725e+05
   7.3717480017179390e+05
   7.3717486371137726e+05
   7.3717488107248838e+05
   7.3717490190582175e+05
   7.3717492169748840e+05
   7.3717498537942115e+05
   7.3717500274053228e+05
   7.3717502357386565e+05
   7.3717504336553230e+05
   7.3717510690518515e+05
   7.3717512426629628e+05
   7.3717514509962965e+05
   7.3717516489129630e+05
   7.3717522843091423e+05
   7.3717524579202535e+05
   7.3717526662535872e+05
   7.3717528641702537e+05
   7.3717535010417819e+05
   7.3717536746528931e+05
   7.3717538829862268e+05
   7.3717540809028933e+05
   7.3717547162999993e+05
   7.3717548899111105e+05
   7.3717550982444442e+05
   7.3717552961611107e+05
   7.3717559295108786e+05
   7.3717561031219899e+05
   7.3717563114553236e+05
   7.3717565093719901e+05
   7.3717571447679389e+05
   7.3717573183790501e+05
   7.3717575267123838e+05
   7.3717577246290504e+05
   7.3717583614554384e+05
   7.3717585350665497e+05
   7.3717587433998834e+05
   7.3717589413165499e+05
   7.3717595767123834e+05
   7.3717597503234947e+05
   7.3717599586568284e+05
   7.3717601565734949e+05
   7.3717607919692120e+05
   7.3717609655803232e+05
   7.3717611739136570e+05
   7.3717613718303235e+05
   7.3717620051822904e+05
   7.3717621787934017e+05
   7.3717623871267354e+05
   7.3717625850434019e+05
   7.3717632204391190e+05
   7.3717633940502303e+05
   7.3717636023835640e+05
   7.3717638003002305e+05
   7.3717644371755782e+05
   7.3717646107866894e+05
   7.3717648191200232e+05
   7.3717650170366897e+05
   7.3717656524324068e+05
   7.3717658260435180e+05
   7.3717660343768517e+05
   7.3717662322935183e+05
   7.3717941140990728e+05
   7.3717942877101840e+05
   7.3717944960435177e+05
   7.3717946939601842e+05
   7.3717953293487255e+05
   7.3717955029598367e+05
   7.3717957112931705e+05
   7.3717959092098370e+05
   7.3717965425696748e+05
   7.3717967161807860e+05
   7.3717969245141197e+05
   7.3717971224307863e+05
   7.3717977578182856e+05
   7.3717979314293968e+05
   7.3717981397627306e+05
   7.3717983376793971e+05
   7.3717989745109947e+05
   7.3717991481221060e+05
   7.3717993564554397e+05
   7.3717995543721062e+05
   7.3718001897599525e+05
   7.3718003633710637e+05
   7.3718005717043974e+05
   7.3718007696210640e+05
   7.3718014050090266e+05
   7.3718015786201379e+05
   7.3718017869534716e+05
   7.3718019848701381e+05
   7.3718026217011560e+05
   7.3718027953122673e+05
   7.3718030036456010e+05
   7.3718032015622675e+05
   7.3718038369503466e+05
   7.3718040105614578e+05
   7.3718042188947916e+05
   7.3718044168114581e+05
   7.3718062668444437e+05
   7.3718064404555550e+05
   7.3718066487888887e+05
   7.3718068467055552e+05
   7.3718074820936332e+05
   7.3718076557047444e+05
   7.3718078640380781e+05
   7.3718080619547446e+05
   7.3718086953100690e+05
   7.3718088689211803e+05
   7.3718090772545140e+05
   7.3718092751711805e+05
   7.3718099105591432e+05
   7.3718100841702544e+05
   7.3718102925035881e+05
   7.3718104904202546e+05
   7.3718111272498837e+05
   7.3718113008609950e+05
   7.3718115091943287e+05
   7.3718117071109952e+05
   7.3718123425003467e+05
   7.3718125161114580e+05
   7.3718127244447917e+05
   7.3718129223614582e+05
   7.3718135591929394e+05
   7.3718137328040507e+05
   7.3718139411373844e+05
   7.3718141390540509e+05
   7.3718147744443279e+05
   7.3718149480554392e+05
   7.3718151563887729e+05
   7.3718153543054394e+05
   7.3718159896942123e+05
   7.3718161633053236e+05
   7.3718163716386573e+05
   7.3718165695553238e+05
   7.3718172029112256e+05
   7.3718173765223369e+05
   7.3718175848556706e+05
   7.3718177827723371e+05
   7.3718184181599529e+05
   7.3718185917710641e+05
   7.3718188001043978e+05
   7.3718189980210643e+05
   7.3718196348498832e+05
   7.3718198084609944e+05
   7.3718200167943281e+05
   7.3718202147109946e+05
   7.3718208500988421e+05
   7.3718210237099533e+05
   7.3718212320432870e+05
   7.3718214299599535e+05
   7.3718220641458326e+05
   7.3718222377569438e+05
   7.3718224460902775e+05
   7.3718226440069440e+05
   7.3718232785670133e+05
   7.3718234521781246e+05
   7.3718236605114583e+05
   7.3718238584281248e+05
   7.3718283860618051e+05
   7.3718285596729163e+05
   7.3718287680062500e+05
   7.3718289659229165e+05
   7.3718296013091423e+05
   7.3718297749202535e+05
   7.3718299832535873e+05
   7.3718301811702538e+05
   7.3718308145270823e+05
   7.3718309881381935e+05
   7.3718311964715272e+05
   7.3718313943881937e+05
   7.3718320297745359e+05
   7.3718322033856472e+05
   7.3718324117189809e+05
   7.3718326096356474e+05
   7.3718332433749991e+05
   7.3718334169861104e+05
   7.3718336253194441e+05
   7.3718338232361106e+05
   7.3718344617129618e+05
   7.3718346353240730e+05
   7.3718348436574067e+05
   7.3718350415740733e+05
   7.3718602684995357e+05
   7.3718604421106470e+05
   7.3718606504439807e+05
   7.3718608483606472e+05
   7.3718614837527764e+05
   7.3718616573638876e+05
   7.3718618656972214e+05
   7.3718620636138879e+05
   7.3718627004363411e+05
   7.3718628740474524e+05
   7.3718630823807861e+05
   7.3718632802974526e+05
   7.3718639156900451e+05
   7.3718640893011563e+05
   7.3718642976344901e+05
   7.3718644955511566e+05
   7.3718651308988419e+05
   7.3718653045099531e+05
   7.3718655128432869e+05
   7.3718657107599534e+05
   7.3718773063009256e+05
   7.3718774799120368e+05
   7.3718776882453705e+05
   7.3718778861620370e+05
   7.3718786321188649e+05
   7.3718788057299762e+05
   7.3718790140633099e+05
   7.3718792119799764e+05
   7.3718798473756935e+05
   7.3718800209868047e+05
   7.3718802293201385e+05
   7.3718804272368050e+05
   7.3718810640651616e+05
   7.3718812376762729e+05
   7.3718814460096066e+05
   7.3718816439262731e+05
   7.3718822793221055e+05
   7.3718824529332167e+05
   7.3718826612665504e+05
   7.3718828591832169e+05
   7.3718834944453696e+05
   7.3718836680564808e+05
   7.3718838763898145e+05
   7.3718840743064811e+05
   7.3718847112609947e+05
   7.3718848848721059e+05
   7.3718850932054396e+05
   7.3718852911221061e+05
   7.3718859255297447e+05
   7.3718860991408559e+05
   7.3718863074741897e+05
   7.3718865053908562e+05
   7.3718871407868050e+05
   7.3718873143979162e+05
   7.3718875227312499e+05
   7.3718877206479164e+05
   7.3718883560437488e+05
   7.3718885296548600e+05
   7.3718887379881938e+05
   7.3718889359048603e+05
   7.3718895692565967e+05
   7.3718897428677080e+05
   7.3718899512010417e+05
   7.3718901491177082e+05
   7.3718907845135406e+05
   7.3718909581246518e+05
   7.3718911664579855e+05
   7.3718913643746520e+05
   7.3718920012451382e+05
   7.3718921748562495e+05
   7.3718923831895832e+05
   7.3718925811062497e+05
   7.3718932165020821e+05
   7.3718933901131933e+05
   7.3718935984465270e+05
   7.3718937963631935e+05
   7.3718944317589107e+05
   7.3718946053700219e+05
   7.3718948137033556e+05
   7.3718950116200221e+05
   7.3718956485148135e+05
   7.3718958221259248e+05
   7.3718960304592585e+05
   7.3718962283759250e+05
   7.3718968637716421e+05
   7.3718970373827533e+05
   7.3718972457160871e+05
   7.3718974436327536e+05
   7.3718980769912025e+05
   7.3718982506023138e+05
   7.3718984589356475e+05
   7.3718986568523140e+05
   7.3718992922482628e+05
   7.3718994658593740e+05
   7.3718996741927078e+05
   7.3718998721093743e+05
   7.3719005089318275e+05
   7.3719006825429387e+05
   7.3719008908762725e+05
   7.3719010887929390e+05
   7.3719017241890042e+05
   7.3719018978001154e+05
   7.3719021061334491e+05
   7.3719023040501156e+05
   7.3719029394461797e+05
   7.3719031130572909e+05
   7.3719033213906246e+05
   7.3719035193072911e+05
   7.3719041527346056e+05
   7.3719043263457168e+05
   7.3719045346790506e+05
   7.3719047325957171e+05
   7.3719053679917811e+05
   7.3719055416028923e+05
   7.3719057499362261e+05
   7.3719059478528926e+05
   7.3719065846732631e+05
   7.3719067582843744e+05
   7.3719069666177081e+05
   7.3719071645343746e+05
   7.3719077999302070e+05
   7.3719079735413182e+05
   7.3719081818746519e+05
   7.3719083797913184e+05
   7.3719090166121523e+05
   7.3719091902232636e+05
   7.3719093985565973e+05
   7.3719095964732638e+05
   7.3719102318690962e+05
   7.3719104054802074e+05
   7.3719106138135411e+05
   7.3719108117302076e+05
   7.3719114471258095e+05
   7.3719116207369207e+05
   7.3719118290702545e+05
   7.3719120269869210e+05
   7.3719126603346050e+05
   7.3719128339457163e+05
   7.3719130422790500e+05
   7.3719132401957165e+05
   7.3719138755915500e+05
   7.3719140492026613e+05
   7.3719142575359950e+05
   7.3719144554526615e+05
   7.3719156130866893e+05
   7.3719157866978005e+05
   7.3719159950311342e+05
   7.3719161929478007e+05
   7.3719168283436331e+05
   7.3719170019547443e+05
   7.3719172102880781e+05
   7.3719174082047446e+05
   7.3719180415482633e+05
   7.3719182151593745e+05
   7.3719184234927082e+05
   7.3719186214093748e+05
   7.3719192568050919e+05
   7.3719194304162031e+05
   7.3719196387495368e+05
   7.3719198366662033e+05
   7.3719204720620357e+05
   7.3719206456731469e+05
   7.3719208540064807e+05
   7.3719210519231472e+05
   7.3719216887967580e+05
   7.3719218624078692e+05
   7.3719220707412029e+05
   7.3719222686578694e+05
   7.3719229040538182e+05
   7.3719230776649294e+05
   7.3719232859982632e+05
   7.3719234839149297e+05
   7.3719241207387717e+05
   7.3719242943498830e+05
   7.3719245026832167e+05
   7.3719247005998832e+05
   7.3719253325236100e+05
   7.3719255061347212e+05
   7.3719257144680549e+05
   7.3719259123847215e+05
   7.3719265492108790e+05
   7.3719267228219903e+05
   7.3719269311553240e+05
   7.3719271290719905e+05
   7.3719277644678229e+05
   7.3719279380789341e+05
   7.3719281464122678e+05
   7.3719283443289343e+05
   7.3719289797246514e+05
   7.3719291533357627e+05
   7.3719293616690964e+05
   7.3719295595857629e+05
   7.3719301964530081e+05
   7.3719303700641193e+05
   7.3719305783974531e+05
   7.3719307763141196e+05
   7.3719314117099531e+05
   7.3719315853210643e+05
   7.3719317936543981e+05
   7.3719319915710646e+05
   7.3719326249883091e+05
   7.3719327985994203e+05
   7.3719330069327541e+05
   7.3719332048494206e+05
   7.3719338402453694e+05
   7.3719340138564806e+05
   7.3719342221898143e+05
   7.3719344201064808e+05
   7.3719350569298607e+05
   7.3719352305409720e+05
   7.3719354388743057e+05
   7.3719356367909722e+05
   7.3719362721868046e+05
   7.3719364457979158e+05
   7.3719366541312495e+05
   7.3719368520479160e+05
   7.3719374874438648e+05
   7.3719376610549761e+05
   7.3719378693883098e+05
   7.3719380673049763e+05
   7.3719387006578699e+05
   7.3719388742689812e+05
   7.3719390826023149e+05
   7.3719392805189814e+05
   7.3719399159160873e+05
   7.3719400895271986e+05
   7.3719402978605323e+05
   7.3719404957771988e+05
   7.3719411326043971e+05
   7.3719413062155084e+05
   7.3719415145488421e+05
   7.3719417124655086e+05
   7.3719423478613421e+05
   7.3719425214724534e+05
   7.3719427298057871e+05
   7.3719429277224536e+05
   7.3719435631189810e+05
   7.3719437367300922e+05
   7.3719439450634259e+05
   7.3719441429800924e+05
   7.3719447798063653e+05
   7.3719449534174765e+05
   7.3719451617508102e+05
   7.3719453596674767e+05
   7.3719460152122681e+05
   7.3719461888233793e+05
   7.3719463971567131e+05
   7.3719465950733796e+05
   7.3719472304694436e+05
   7.3719474040805548e+05
   7.3719476124138886e+05
   7.3719478103305551e+05
   7.3719484436777770e+05
   7.3719486172888882e+05
   7.3719488256222219e+05
   7.3719490235388884e+05
   7.3719496589348372e+05
   7.3719498325459484e+05
   7.3719500408792822e+05
   7.3719502387959487e+05
   7.3719508741934015e+05
   7.3719510478045128e+05
   7.3719512561378465e+05
   7.3719514540545130e+05
   7.3719520908736100e+05
   7.3719522644847212e+05
   7.3719524728180550e+05
   7.3719526707347215e+05
   7.3719533061310172e+05
   7.3719534797421284e+05
   7.3719536880754621e+05
   7.3719538859921286e+05
   7.3719545193399291e+05
   7.3719546929510403e+05
   7.3719549012843741e+05
   7.3719550992010406e+05
   7.3719557345973374e+05
   7.3719559082084487e+05
   7.3719561165417824e+05
   7.3719563144584489e+05
   7.3719569513012725e+05
   7.3719571249123837e+05
   7.3719573332457175e+05
   7.3719575311623840e+05
   7.3719581665582163e+05
   7.3719583401693276e+05
   7.3719585485026613e+05
   7.3719587464193278e+05
   7.3719593818151613e+05
   7.3719595554262726e+05
   7.3719597637596063e+05
   7.3719599616762728e+05
   7.3719605985496519e+05
   7.3719607721607632e+05
   7.3719609804940969e+05
   7.3719611784107634e+05
   7.3719618138070591e+05
   7.3719619874181703e+05
   7.3719621957515040e+05
   7.3719623936681706e+05
   7.3719630270722217e+05
   7.3719632006833330e+05
   7.3719634090166667e+05
   7.3719636069333332e+05
   7.3719642423297442e+05
   7.3719644159408554e+05
   7.3719646242741891e+05
   7.3719648221908556e+05
   7.3719654590121517e+05
   7.3719656326232629e+05
   7.3719658409565967e+05
   7.3719660388732632e+05
   7.3719666742692119e+05
   7.3719668478803232e+05
   7.3719670562136569e+05
   7.3719672541303234e+05
   7.3719691028052079e+05
   7.3719692764163192e+05
   7.3719694847496529e+05
   7.3719696826663194e+05
   7.3719703180622670e+05
   7.3719704916733783e+05
   7.3719707000067120e+05
   7.3719708979233785e+05
   7.3719715347466432e+05
   7.3719717083577544e+05
   7.3719719166910881e+05
   7.3719721146077546e+05
   7.3719727500037022e+05
   7.3719729236148135e+05
   7.3719731319481472e+05
   7.3719733298648137e+05
   7.3719739666866884e+05
   7.3719741402977996e+05
   7.3719743486311333e+05
   7.3719745465477998e+05
   7.3719751819438650e+05
   7.3719753555549763e+05
   7.3719755638883100e+05
   7.3719757618049765e+05
   7.3719763972008089e+05
   7.3719765708119201e+05
   7.3719767791452538e+05
   7.3719769770619203e+05
   7.3719776104078698e+05
   7.3719777840189810e+05
   7.3719779923523148e+05
   7.3719781902689813e+05
   7.3719788256646984e+05
   7.3719789992758096e+05
   7.3719792076091433e+05
   7.3719794055258099e+05
   7.3719800424296292e+05
   7.3719802160407405e+05
   7.3719804243740742e+05
   7.3719806222907407e+05
   7.3719812576864578e+05
   7.3719814312975691e+05
   7.3719816396309028e+05
   7.3719818375475693e+05
   7.3719824708968739e+05
   7.3719826445079851e+05
   7.3719828528413188e+05
   7.3719830507579853e+05
   7.3719836861539341e+05
   7.3719838597650453e+05
   7.3719840680983791e+05
   7.3719842660150456e+05
   7.3719849014111108e+05
   7.3719850750222220e+05
   7.3719852833555557e+05
   7.3719854812722222e+05
   7.3719861180980317e+05
   7.3719862917091430e+05
   7.3719865000424767e+05
   7.3719866979591432e+05
   7.3719873333547439e+05
   7.3719875069658551e+05
   7.3719877152991889e+05
   7.3719879132158554e+05
   7.3719885500409710e+05
   7.3719887236520823e+05
   7.3719889319854160e+05
   7.3719891299020825e+05
   7.3719897652979160e+05
   7.3719899389090273e+05
   7.3719901472423610e+05
   7.3719903451590275e+05
   7.3719909795310174e+05
   7.3719911531421286e+05
   7.3719913614754623e+05
   7.3719915593921288e+05
   7.3719921938178234e+05
   7.3719923674289347e+05
   7.3719925757622684e+05
   7.3719927736789349e+05
   7.3719934090749989e+05
   7.3719935826861102e+05
   7.3719937910194439e+05
   7.3719939889361104e+05
   7.3719946257537033e+05
   7.3719947993648145e+05
   7.3719950076981483e+05
   7.3719952056148148e+05
   7.3719958410109940e+05
   7.3719960146221053e+05
   7.3719962229554390e+05
   7.3719964208721055e+05
   7.3719970542187488e+05
   7.3719972278298601e+05
   7.3719974361631938e+05
   7.3719976340798603e+05
   7.3719982694755774e+05
   7.3719984430866886e+05
   7.3719986514200224e+05
   7.3719988493366889e+05
   7.3719994847325224e+05
   7.3719996583436336e+05
   7.3719998666769674e+05
   7.3720000645936339e+05
   7.3720007014172443e+05
   7.3720008750283555e+05
   7.3720010833616892e+05
   7.3720012812783557e+05
   7.3720019166744209e+05
   7.3720020902855322e+05
   7.3720022986188659e+05
   7.3720024965355324e+05
   7.3720031333583326e+05
   7.3720033069694438e+05
   7.3720035153027775e+05
   7.3720037132194440e+05
   7.3720043486156245e+05
   7.3720045222267357e+05
   7.3720047305600694e+05
   7.3720049284767359e+05
   7.3720055619025452e+05
   7.3720057355136564e+05
   7.3720059438469901e+05
   7.3720061417636566e+05
   7.3720067771596054e+05
   7.3720069507707166e+05
   7.3720071591040504e+05
   7.3720073570207169e+05
   7.3720079924165504e+05
   7.3720081660276616e+05
   7.3720083743609954e+05
   7.3720085722776619e+05
   7.3720092091009254e+05
   7.3720093827120366e+05
   7.3720095910453703e+05
   7.3720097889620368e+05
   7.3720104243578692e+05
   7.3720105979689804e+05
   7.3720108063023142e+05
   7.3720110042189807e+05
   7.3720116376538191e+05
   7.3720118112649303e+05
   7.3720120195982640e+05
   7.3720122175149305e+05
   7.3720128529108793e+05
   7.3720130265219905e+05
   7.3720132348553243e+05
   7.3720134327719908e+05
   7.3720140681677079e+05
   7.3720142417788191e+05
   7.3720144501121528e+05
   7.3720146480288194e+05
   7.3720164850079850e+05
   7.3720166586190963e+05
   7.3720168669524300e+05
   7.3720170648690965e+05
   7.3720177002648136e+05
   7.3720178738759249e+05
   7.3720180822092586e+05
   7.3720182801259251e+05
   7.3720189169524296e+05
   7.3720190905635408e+05
   7.3720192988968745e+05
   7.3720194968135410e+05
   7.3720201322094898e+05
   7.3720203058206011e+05
   7.3720205141539348e+05
   7.3720207120706013e+05
   7.3720213474219898e+05
   7.3720215210331010e+05
   7.3720217293664347e+05
   7.3720219272831012e+05
   7.3720225606766192e+05
   7.3720227342877304e+05
   7.3720229426210641e+05
   7.3720231405377307e+05
   7.3720237759337958e+05
   7.3720239495449071e+05
   7.3720241578782408e+05
   7.3720243557949073e+05
   7.3720249926140043e+05
   7.3720251662251155e+05
   7.3720253745584493e+05
   7.3720255724751158e+05
   7.3720262078710634e+05
   7.3720263814821746e+05
   7.3720265898155083e+05
   7.3720267877321749e+05
   7.3720274245569436e+05
   7.3720275981680548e+05
   7.3720278065013885e+05
   7.3720280044180551e+05
   7.3720286363416654e+05
   7.3720288099527766e+05
   7.3720290182861104e+05
   7.3720292162027769e+05
   7.3720298550707172e+05
   7.3720300286818284e+05
   7.3720302370151621e+05
   7.3720304349318286e+05
   7.3720310682921286e+05
   7.3720312419032399e+05
   7.3720314502365736e+05
   7.3720316481532401e+05
   7.3720322835491889e+05
   7.3720324571603001e+05
   7.3720326654936338e+05
   7.3720328634103003e+05
   7.3720335002332169e+05
   7.3720336738443282e+05
   7.3720338821776619e+05
   7.3720340800943284e+05
   7.3720347154902772e+05
   7.3720348891013884e+05
   7.3720350974347221e+05
   7.3720352953513886e+05
   7.3720375761185179e+05
   7.3720377497296291e+05
   7.3720379580629629e+05
   7.3720381559796294e+05
   7.3720387913754617e+05
   7.3720389649865730e+05
   7.3720391733199067e+05
   7.3720393712365732e+05
   7.3720400080567121e+05
   7.3720401816678233e+05
   7.3720403900011571e+05
   7.3720405879178236e+05
   7.3720412233136559e+05
   7.3720413969247672e+05
   7.3720416052581009e+05
   7.3720418031747674e+05
   7.3720424385260406e+05
   7.3720426121371519e+05
   7.3720428204704856e+05
   7.3720430183871521e+05
   7.3720436517787026e+05
   7.3720438253898139e+05
   7.3720440337231476e+05
   7.3720442316398141e+05
   7.3720448670355312e+05
   7.3720450406466424e+05
   7.3720452489799762e+05
   7.3720454468966427e+05
   7.3720460837179387e+05
   7.3720462573290500e+05
   7.3720464656623837e+05
   7.3720466635790502e+05
   7.3720472989748837e+05
   7.3720474725859950e+05
   7.3720476809193287e+05
   7.3720478788359952e+05
   7.3720485121835640e+05
   7.3720486857946753e+05
   7.3720488941280090e+05
   7.3720490920446755e+05
   7.3720497274405078e+05
   7.3720499010516191e+05
   7.3720501093849528e+05
   7.3720503073016193e+05
   7.3720509426973376e+05
   7.3720511163084488e+05
   7.3720513246417826e+05
   7.3720515225584491e+05
   7.3720521593788185e+05
   7.3720523329899297e+05
   7.3720525413232634e+05
   7.3720527392399299e+05
   7.3720533746356471e+05
   7.3720535482467583e+05
   7.3720537565800920e+05
   7.3720539544967585e+05
   7.3720545913063653e+05
   7.3720547649174766e+05
   7.3720549732508103e+05
   7.3720551711674768e+05
   7.3720558638572902e+05
   7.3720560374684015e+05
   7.3720562458017352e+05
   7.3720564437184017e+05
   7.3720570791142352e+05
   7.3720572527253465e+05
   7.3720574610586802e+05
   7.3720576589753467e+05
   7.3720582957925915e+05
   7.3720584694037028e+05
   7.3720586777370365e+05
   7.3720588756537030e+05
   7.3720595110496518e+05
   7.3720596846607630e+05
   7.3720598929940967e+05
   7.3720600909107632e+05
   7.3720607260837953e+05
   7.3720608996949065e+05
   7.3720611080282403e+05
   7.3720613059449068e+05
   7.3720619395106472e+05
   7.3720621131217584e+05
   7.3720623214550922e+05
   7.3720625193717587e+05
   7.3720631547675922e+05
   7.3720633283787034e+05
   7.3720635367120372e+05
   7.3720637346287037e+05
   7.3720643714473373e+05
   7.3720645450584486e+05
   7.3720647533917823e+05
   7.3720649513084488e+05
   7.3720655867042812e+05
   7.3720657603153924e+05
   7.3720659686487261e+05
   7.3720661665653926e+05
   7.3720667999136564e+05
   7.3720669735247677e+05
   7.3720671818581014e+05
   7.3720673797747679e+05
   7.3720680151704850e+05
   7.3720681887815963e+05
   7.3720683971149300e+05
   7.3720685950315965e+05
   7.3720692304274300e+05
   7.3720694040385413e+05
   7.3720696123718750e+05
   7.3720698102885415e+05
   7.3720704471056699e+05
   7.3720706207167811e+05
   7.3720708290501148e+05
   7.3720710269667814e+05
   7.3720716623627301e+05
   7.3720718359738414e+05
   7.3720720443071751e+05
   7.3720722422238416e+05
   7.3720728790804395e+05
   7.3720730526915507e+05
   7.3720732610248844e+05
   7.3720734589415509e+05
   7.3720740943373833e+05
   7.3720742679484945e+05
   7.3720744762818282e+05
   7.3720746741984948e+05
   7.3720753075449064e+05
   7.3720754811560176e+05
   7.3720756894893514e+05
   7.3720758874060179e+05
   7.3720765228017350e+05
   7.3720766964128462e+05
   7.3720769047461799e+05
   7.3720771026628464e+05
   7.3720777380587952e+05
   7.3720779116699065e+05
   7.3720781200032402e+05
   7.3720783179199067e+05
   7.3720789547354158e+05
   7.3720791283465270e+05
   7.3720793366798607e+05
   7.3720795345965272e+05
   7.3720801699923608e+05
   7.3720803436034720e+05
   7.3720805519368057e+05
   7.3720807498534722e+05
   7.3720813831975684e+05
   7.3720815568086796e+05
   7.3720817651420133e+05
   7.3720819630586798e+05
   7.3720825984545134e+05
   7.3720827720656246e+05
   7.3720829803989583e+05
   7.3720831783156248e+05
   7.3720838137114572e+05
   7.3720839873225684e+05
   7.3720841956559021e+05
   7.3720843935725687e+05
   7.3720850303883094e+05
   7.3720852039994206e+05
   7.3720854123327543e+05
   7.3720856102494209e+05
   7.3720862581858784e+05
   7.3720864317969896e+05
   7.3720866401303234e+05
   7.3720868380469899e+05
   7.3720874734429386e+05
   7.3720876470540499e+05
   7.3720878553873836e+05
   7.3720880533040501e+05
   7.3720886866503465e+05
   7.3720888602614577e+05
   7.3720890685947915e+05
   7.3720892665114580e+05
   7.3720899019071751e+05
   7.3720900755182863e+05
   7.3720902838516200e+05
   7.3720904817682866e+05
   7.3720911171641189e+05
   7.3720912907752302e+05
   7.3720914991085639e+05
   7.3720916970252304e+05
   7.3720923338424764e+05
   7.3720925074535876e+05
   7.3720927157869213e+05
   7.3720929137035878e+05
   7.3720935490995366e+05
   7.3720937227106479e+05
   7.3720939310439816e+05
   7.3720941289606481e+05
   7.3720947658613417e+05
   7.3720949394724530e+05
   7.3720951478057867e+05
   7.3720953457224532e+05
   7.3720959811182856e+05
   7.3720961547293968e+05
   7.3720963630627305e+05
   7.3720965609793970e+05
   7.3720971943268506e+05
   7.3720973679379618e+05
   7.3720975762712955e+05
   7.3720977741879621e+05
   7.3720984095837956e+05
   7.3720985831949068e+05
   7.3720987915282405e+05
   7.3720989894449071e+05
   7.3720996248406242e+05
   7.3720997984517354e+05
   7.3721000067850691e+05
   7.3721002047017356e+05
   7.3721008415192121e+05
   7.3721010151303234e+05
   7.3721012234636571e+05
   7.3721014213803236e+05
   7.3721020567761560e+05
   7.3721022303872672e+05
   7.3721024387206009e+05
   7.3721026366372674e+05
   7.3721032699826383e+05
   7.3721034435937495e+05
   7.3721036519270833e+05
   7.3721038498437498e+05
   7.3721044852394669e+05
   7.3721046588505781e+05
   7.3721048671839118e+05
   7.3721050651005784e+05
   7.3721057019200223e+05
   7.3721058755311335e+05
   7.3721060838644672e+05
   7.3721062817811337e+05
   7.3721069171770825e+05
   7.3721070907881937e+05
   7.3721072991215275e+05
   7.3721074970381940e+05
   7.3721081324340263e+05
   7.3721083060451376e+05
   7.3721085143784713e+05
   7.3721087122951378e+05
   7.3721093491135410e+05
   7.3721095227246522e+05
   7.3721097310579859e+05
   7.3721099289746524e+05
   7.3721105643704848e+05
   7.3721107379815960e+05
   7.3721109463149298e+05
   7.3721111442315963e+05
   7.3721117775759252e+05
   7.3721119511870365e+05
   7.3721121595203702e+05
   7.3721123574370367e+05
   7.3721129928327538e+05
   7.3721131664438650e+05
   7.3721133747771988e+05
   7.3721135726938653e+05
   7.3721142080896976e+05
   7.3721143817008089e+05
   7.3721145900341426e+05
   7.3721147879508091e+05
   7.3721154247678234e+05
   7.3721155983789347e+05
   7.3721158067122684e+05
   7.3721160046289349e+05
   7.3721166400254623e+05
   7.3721168136365735e+05
   7.3721170219699072e+05
   7.3721172198865737e+05
   7.3721178532325220e+05
   7.3721180268436333e+05
   7.3721182351769670e+05
   7.3721184330936335e+05
   7.3721190684893506e+05
   7.3721192421004619e+05
   7.3721194504337956e+05
   7.3721196483504621e+05
   7.3721202851681702e+05
   7.3721204587792815e+05
   7.3721206671126152e+05
   7.3721208650292817e+05
   7.3721215004251152e+05
   7.3721216740362265e+05
   7.3721218823695602e+05
   7.3721220802862267e+05
   7.3721227156820591e+05
   7.3721228892931703e+05
   7.3721230976265040e+05
   7.3721232955431705e+05
   7.3721239323623839e+05
   7.3721241059734952e+05
   7.3721243143068289e+05
   7.3721245122234954e+05
   7.3721251476194430e+05
   7.3721253212305543e+05
   7.3721255295638880e+05
   7.3721257274805545e+05
   7.3721263608280080e+05
   7.3721265344391193e+05
   7.3721267427724530e+05
   7.3721269406891195e+05
   7.3721275760848366e+05
   7.3721277496959479e+05
   7.3721279580292816e+05
   7.3721281559459481e+05
   7.3721287899619201e+05
   7.3721289635730314e+05
   7.3721291719063651e+05
   7.3721293698230316e+05
   7.3721311908472213e+05
   7.3721313644583325e+05
   7.3721315727916663e+05
   7.3721317707083328e+05
   7.3721324061041663e+05
   7.3721325797152775e+05
   7.3721327880486113e+05
   7.3721329859652778e+05
   7.3721336227851838e+05
   7.3721337963962951e+05
   7.3721340047296288e+05
   7.3721342026462953e+05
   7.3721348380423605e+05
   7.3721350116534717e+05
   7.3721352199868055e+05
   7.3721354179034720e+05
   7.3721360531657399e+05
   7.3721362267768511e+05
   7.3721364351101848e+05
   7.3721366330268513e+05
   7.3721372699849529e+05
   7.3721374435960641e+05
   7.3721376519293978e+05
   7.3721378498460643e+05
   7.3721401877442119e+05
   7.3721403613553231e+05
   7.3721405696886568e+05
   7.3721407676053233e+05
